NR	NR	0	0	0	0	NF	NF	0	0	0	0	NR	NR	0	0	0	0	NR	NR	0	0	0	0	NF	NF	0	0	0	0	7.783	0.05065	99.79	3.403	7.868	0.08421	7.485	0.2639	15.54	1.943	6.157	0.1909	6.883	0.2013	45.46	5.931	6.139	0.08354	7.279	0.1927	30.59	2.805	6.059	0.1437	5.512	0.03574	196.7	11.9	4.599	0.04144
NR	NR	0	0	5.663	0.4444	NR	NR	0	0	3.17	0.2232	4.999	0.1207	9.069	0.6918	3.693	0.08492	4.798	0.1036	17.95	1.408	3.932	0.08056	4.904	0.0992	12.83	0.8645	3.827	0.08521	7.164	0.1802	131.7	9.882	0	0	4.651	0.1812	19.52	2.743	3.338	0.1167	5.655	0.09993	55.46	3.908	4.973	0.05367	5.263	0.09957	34.81	1.956	4.07	0.07439	4.891	0.1456	76.89	7.475	3.361	0.0964
4.546	0.2292	46.63	9.604	3.96	0.1308	4.472	0.01272	58.9	1.51	4.104	0.01957	4.363	0.04114	95.37	3.786	4.295	0.01601	4.829	0.02697	83.51	2.2	4.614	0.01751	4.542	0.03402	93.47	2.741	4.482	0.02214	6.101	0.15	73.36	5.043	5.901	0.1264	5.049	0.1033	106.6	6.781	4.784	0.07881	5.416	0.06986	97.02	4.966	5.24	0.03475	5.51	0.06505	87.37	2.967	5.22	0.04535	5.231	0.04454	428.6	11.64	5.019	0.05157
6.387	0.03225	103.5	1.972	6.289	0.02399	6.567	0.0323	98.44	1.411	6.575	0.02899	6.657	0.02404	98.58	1.357	6.67	0.02523	6.857	0.02604	99.52	1.054	7.025	0.02603	6.741	0.02492	99.89	1.078	6.825	0.02335	9.363	0.04248	96.16	1.871	9.404	0.04005	6.086	0.0728	102.5	4.765	5.858	0.03617	6.554	0.0882	117.7	5.854	6.552	0.03942	6.513	0.08789	98.46	5.428	6.442	0.03806	6.11	0.06518	93.42	3.046	4.967	0.07965
NR	NR	0	0	0	0	NR	NR	0	0	4.159	0.2475	5.582	0.1419	7.51	0.5484	4.244	0.1075	5.413	0.06942	17.23	0.6551	4.528	0.06304	5.183	0.07058	12.85	0.5513	4.202	0.06528	6.762	0.09068	83.74	3.128	6.682	0.09766	5.109	0.1116	54.67	3.658	4.405	0.08251	5.573	0.09958	92.39	6.325	5.311	0.04663	5.49	0.1259	78.72	6.895	5.142	0.04757	5.669	0.09841	175.5	13.44	4.79	0.04907
NR	NR	0	0	0	0	NR	NR	0	0	3.118	0.2442	NR	NR	0	0	3.156	0.1349	4.48	0.1206	17.51	1.997	3.497	0.07816	4.158	0.1689	14.66	2.83	3.305	0.1029	5.887	0.1993	130.5	13.06	6.085	0.1999	4.4	0.1391	25.83	6.6	2.981	0.07896	4.874	0.0779	74.04	3.886	4.41	0.03445	4.591	0.07454	59.51	3.572	3.801	0.03275	4.568	0.09572	111.3	8.68	3.292	0.06975
NR	NR	0	0	6.657	0.5418	NF	NF	0	0	0	0	NF	NF	0	0	2.108	0.1439	NR	NR	0	0	8.969	0.8579	NR	NR	0	0	0	0	5.195	0.1585	141.3	12.16	5.464	0.1745	NR	NR	0	0	0	0	5.62	0.1555	25.13	1.993	4.522	0.1142	4.575	0.1593	32.09	4.162	3.276	0.1101	4.458	0.04606	65.42	11.9	2.725	0.04583
NR	NR	0	0	0	0	NR	NR	0	0	4.831	0.4243	NR	NR	0	0	5.195	0.2747	7.24	0.1206	10.05	0.5839	6.09	0.08878	NR	NR	0	0	5.667	0.1572	8.105	0.3166	73.98	9.955	8.073	0.2573	6.801	0.2174	29.16	3.011	5.986	0.158	6.927	0.09202	59.63	2.65	6.28	0.07154	7.106	0.1447	82.58	8.084	6.712	0.0733	6.959	0.2785	117.2	16.04	6.337	0.1874
NR	NR	0	0	0	0	NR	NR	0	0	3.162	0.2189	NR	NR	0	0	3.418	0.2583	6.026	0.1734	5.724	0.4768	4.655	0.1301	NR	NR	0	0	4.151	0.1834	7.619	0.0901	102	4.06	7.56	0.06647	NR	NR	0	0	4.783	0.1908	6.188	0.1058	52.28	2.843	5.155	0.0853	6.171	0.08267	28.4	1.115	4.908	0.0656	6.275	0.1674	80.57	6.678	4.624	0.1334
5.47	0.1073	49.29	2.799	4.995	0.08514	5.772	0.03431	55	1.069	5.44	0.02694	5.743	0.03657	65.54	1.372	5.456	0.02782	6.024	0.0216	81.19	0.9219	5.818	0.02714	5.729	0.02743	82.14	1.174	5.597	0.02767	9.376	0.0681	99.4	3.045	9.325	0.05564	5.611	0.06854	132.7	4.646	5.707	0.05385	5.895	0.1155	94.71	7.345	5.691	0.05602	6.021	0.08616	120	7.022	6.221	0.05026	6.607	0.09622	193.5	8.925	6.031	0.06984
NR	NR	0	0	0	0	NR	NR	0	0	0	0	NR	NR	0	0	0	0	NR	NR	0	0	4.61	0.2474	NR	NR	0	0	0	0	6.785	0.08731	100.7	4.248	6.773	0.06992	NR	NR	0	0	3.817	0.2744	6.267	0.1811	46.3	4.176	5.416	0.1365	5.529	0.1033	40.18	2.611	4.4	0.07353	5.147	0.16	108.7	13.74	3.808	0.09584
4.478	0.159	18.74	4.65	3.495	0.1963	4.836	0.0507	26.79	1.737	5.322	0.1995	4.345	0.06551	54.2	3.476	3.914	0.03839	4.608	0.02616	58.31	1.3	4.217	0.03862	4.271	0.07314	55.14	4.155	3.921	0.06375	5.225	0.5165	117.7	32.49	5.608	0.4302	4.741	0.07145	111	5.903	4.504	0.0352	5.324	0.1015	105.8	5.893	5.429	0.08238	4.98	0.04939	111.7	3.759	5.046	0.04693	5.095	0.08998	284.6	16.62	4.428	0.04568
6.653	0.07657	75.36	2.922	6.452	0.05981	6.789	0.03529	88.38	1.542	6.674	0.03189	6.844	0.03037	95.13	1.417	6.773	0.02241	7.424	0.03001	93.48	1.962	7.362	0.02004	7.203	0.03725	85.56	1.531	7.037	0.03311	8.901	0.06653	104.2	3.599	8.852	0.04794	7.478	0.06178	104.9	3.126	7.233	0.04926	8.458	0.1536	95.01	4.77	8.26	0.1498	7.779	0.107	85.83	4.442	7.59	0.08821	8.182	0.1448	172.6	12.72	7.335	0.1036
NR	NR	0	0	6.499	0.3051	NR	NR	0	0	0	0	6.594	0.1322	8.84	0.5617	5.297	0.1028	6.679	0.1632	14.35	1.119	5.666	0.1227	6.609	0.1461	10.83	0.7592	5.429	0.1121	8.632	0.2696	79.38	8.942	8.456	0.2163	5.841	0.1562	55.42	4.758	5.114	0.1117	7.185	0.2541	61.98	8.232	6.675	0.1857	6.876	0.1892	43.86	4.128	5.977	0.1358	6.73	0.1818	110.4	10.27	5.523	0.1212
NR	NR	0	0	6.168	0.4849	NR	NR	0	0	0	0	NF	NF	0	0	0	0	NR	NR	0	0	3.846	0.2422	NR	NR	0	0	2.215	0.1714	4.872	0.2429	84.48	12.75	4.834	0.183	4.575	0.2107	25.31	4.198	3.424	0.1287	5.061	0.1485	82.44	7.469	4.727	0.0786	4.941	0.1638	44.08	4.69	3.914	0.1218	5.174	0.1033	187.1	14.98	4.201	0.08608
6.325	0.06709	95.74	3.079	6.267	0.04956	6.299	0.03037	88.02	1.265	6.156	0.02868	6.407	0.03548	101.7	2.413	6.362	0.02313	6.802	0.03795	105.8	2.604	6.862	0.02627	6.65	0.03529	96.88	1.498	6.594	0.04851	9.822	0.07841	101.9	3.869	10.2	0.06281	6.498	0.08528	105.8	4.401	6.258	0.05675	7.085	0.1097	97.72	5.705	6.845	0.07048	6.891	0.1211	123.5	7.66	7.016	0.07068	7.174	0.1484	110.6	8.676	6.06	0.1065
NR	NR	0	0	0	0	NR	NR	0	0	2.559	0.2317	NF	NF	0	0	0	0	NR	NR	0	0	0	0	NF	NF	0	0	0	0	5.15	0.1932	118.8	13.61	5.319	0.1441	4.737	0.26	31.87	5.95	3.689	0.1708	5.951	0.1856	35.96	3.295	4.939	0.1416	5.22	0.153	41.97	3.68	4.129	0.1091	4.638	0.1382	168	19.17	3.627	0.0934
NR	NR	0	0	0	0	NR	NR	0	0	3.007	0.1373	NR	NR	0	0	3.2	0.1204	4.886	0.151	12.99	1.356	3.633	0.109	4.372	0.2193	14.01	3.011	3.285	0.1141	4.92	0.2442	116.1	17.4	4.903	0.176	4.767	0.1004	110.1	8.472	4.523	0.04973	5.854	0.1825	52.41	4.719	5.242	0.1415	5.082	0.08185	95.8	4.755	4.862	0.0655	5.284	0.1229	151.9	11.66	4.298	0.09377
NR	NR	0	0	6.215	0.3968	NR	NR	0	0	0	0	NF	NF	0	0	0	0	NF	NF	0	0	0	0	NF	NF	0	0	0	0	5.941	0.2129	110.7	11.46	5.938	0.1706	4.865	0.2858	30.43	5.712	3.768	0.1935	6.115	0.1898	33.66	3.158	5.142	0.1416	4.922	0.1343	48.12	4.233	3.979	0.1016	NR	NR	0	0	0	0
NR	NR	0	0	0	0	NF	NF	0	0	0	0	NF	NF	0	0	0	0	NR	NR	0	0	0	0	NR	NR	0	0	0	0	4.98	0.4871	-63.49	18.57	0	0	7.198	0.464	-20	5.006	0	0	6.689	0.2292	23.56	2.503	5.329	0.1795	6.829	0.3832	-13.81	2.623	0	0	4.589	0.1914	133.9	11.9	3.565	0.2116
NR	NR	0	0	0	0	NF	NF	0	0	0	0	NF	NF	0	0	0	0	NR	NR	0	0	0	0	NF	NF	0	0	0	0	6.487	0.2518	59.36	6.132	6.342	0.2018	6.356	0.1926	28.33	2.674	5.262	0.1421	6.998	0.1354	53.45	3.533	6.308	0.09807	6.344	0.1398	48.57	3.343	5.467	0.1076	NR	NR	0	0	0	0
