NR 	NR 	0	0	0	0	NR	NR	0	0	5.037	0.4293	7.26	0.4856	2.929	0.4856	5.794	0.2744	NR	NR	0	0	5.361	0.2234	NR	NR	0	0	0	0	7.045	0.2911	105.6	13.47	6.926	0.2544	7.727	0.06423	42.79	2.232	6.885	0.08465	8.008	0.2116	74.66	11.07	7.626	0.08481	7.92	0.06321	86.86	4.34	7.277	0.0702	8.334	0.1801	91.15	9.349	8.051	0.1334
5.684	0.07381	94.6	3.508	5.591	0.04734	5.607	0.08012	79.76	3.254	5.507	0.06234	6.26	0.04206	98.11	1.955	6.21	0.02861	6.329	0.03075	95.52	1.392	6.264	0.02337	5.969	0.03517	92.14	1.556	5.899	0.02571	8.891	0.1839	89.35	7.481	8.443	0.1613	6.294	0.07195	128.3	4.353	6.178	0.05046	7.434	0.08144	94.81	4.65	7.503	0.04008	6.89	0.1588	113	8.765	6.489	0.1205	7.391	0.1553	90.41	5.538	7.105	0.1353
6.182	0.1225	17.6	1.768	5.583	0.1413	5.74	0.1815	20.12	1.822	5.166	0.1371	6.239	0.04454	65.81	1.387	6.08	0.03415	6.297	0.03823	62.26	1.124	6.103	0.03064	5.997	0.05359	43.84	1.131	5.691	0.0412	6.895	0.2017	122.9	10.66	6.754	0.1883	5.99	0.1571	66.93	5.067	5.613	0.1172	7.279	0.05044	87.68	2.83	7.223	0.03155	6.768	0.1443	84.08	5.834	6.181	0.1081	5.491	0.2542	49.4	0.2542	5.18	0.1967
6.611	0.08623	19.29	1.534	6.149	0.117	5.777	0.149	19.81	1.463	5.22	0.1124	6.471	0.04725	63.92	1.424	6.3	0.0359	6.548	0.06263	64.11	1.897	6.374	0.04835	6.279	0.06685	41.01	1.295	5.934	0.05122	8.821	0.2854	134.1	17.05	8.725	0.243	6.635	0.09062	95.29	4.153	6.369	0.07069	7.49	0.0429	91.23	1.932	7.49	0.03737	7.289	0.1204	99.83	5.807	6.717	0.09737	8.414	0.1939	93.28	8.643	8.266	0.1535
6.132	0.08087	82.35	3.166	6.081	0.06131	5.756	0.06169	83.98	2.592	5.683	0.04781	6.44	0.04652	89.33	3.082	6.37	0.04771	6.481	0.03728	92.33	2.552	6.393	0.03402	6.174	0.04001	86.74	2.476	6.041	0.03366	8.148	0.1914	89.43	7.295	7.694	0.1707	7.264	0.07553	134.6	4.902	7.204	0.05598	8.178	0.07791	92.38	4.118	8.273	0.06382	7.895	0.1847	119.3	11.66	7.557	0.1383	6.183	0.112	180.2	8.975	6.463	0.1292
NR 	NR 	0	0	0	0	NR	NR	0	0	0	0	NR	NR	0	0	0	0	NR	NR	0	0	0	0	NR	NR	0	0	0	0	6.988	0.064	98.88	2.698	6.577	0.1332	5.938	0.1708	36.71	3.031	5.15	0.1284	6.522	0.06701	66.05	2.089	6.214	0.05522	6.277	0.1589	61.09	4.615	5.375	0.1277	6.082	0.1469	34.23	2.285	5.407	0.1347
5.651	0.02601	98.01	1.856	5.629	0.02216	5.621	0.02089	98.49	1.627	5.648	0.01728	6.235	0.01822	100.8	0.8927	6.243	0.0129	6.33	0.01349	100.6	0.6504	6.348	0.01027	6.02	0.01706	99.43	1.197	6.057	0.01443	8.765	0.07125	95.83	3.072	8.444	0.05332	6.351	0.06804	98.87	4.062	7.235	0.03843	7.236	0.03265	102.8	1.99	8.73	0.06362	6.763	0.07352	99.34	4.387	6.214	0.04666	6.9	0.06919	101.2	3.633	6.723	0.04752
NR 	NR 	0	0	0	0	6.722	0.1508	6.398	0.4604	5.686	0.1144	6.682	0.07633	37.61	1.373	6.285	0.05936	6.737	0.04362	41.69	0.8671	6.365	0.03738	6.474	0.07196	20.99	0.7343	5.353	0.05571	8.692	0.08837	80.3	3.022	8.077	0.07912	7.141	0.1311	79.52	5.361	6.902	0.08877	7.863	0.0623	94.96	3.96	8.349	0.03601	8.45	0.2407	106.1	14.32	7.985	0.1157	7.659	0.1656	100.4	6.622	7.443	0.1439
NR 	NR 	0	0	5.502	0.44	NR	NR	0	0	0	0	5.225	0.113	35.82	2.1	4.814	0.03097	5.415	0.0377	41.49	0.8405	5.058	0.03056	5.425	0.08201	21.85	0.9599	4.806	0.06232	7.369	0.1939	155.9	11.97	7.453	0.195	5.819	0.05724	96.56	2.721	5.485	0.04541	6.5	0.06503	96.18	4.122	6.519	0.0429	6.36	0.08901	120.5	5.055	5.91	0.07312	6.143	0.155	100.7	7.257	5.972	0.1303
NR 	NR 	0	0	0	0	NR	NR	0	0	0	0	NR	NR	0	0	0	0	NR	NR	0	0	0	0	NR	NR	0	0	0	0	5.412	0.1367	104.8	6.978	5.016	0.1162	4.819	0.1608	41.7	4.656	2.982	0.1321	5.087	0.106	62.38	5.24	4.73	0.08084	4.785	0.167	60.57	7.327	3.818	0.117	4.537	0.3582	45	11.68	3.806	0.3156
NR 	NR 	0	0	0	0	NR	NR	0	0	0	0	NR	NR	0	0	4.82	0.3328	NR	NR	0	0	3.646	0.2516	NR	NR	0	0	0	0	6.541	0.1721	119.4	8.451	6.187	0.1518	5.846	0.1076	38.14	2.267	4.973	0.07971	6.688	0.1309	72.84	6.559	6.465	0.07426	6.807	0.1103	61.66	3.258	5.947	0.08731	7.398	0.377	39.7	7.611	6.856	0.3064
NR 	NR 	0	0	0	0	NR	NR	0	0	0	0	NR	NR	0	0	0	0	NR	NR	0	0	0	0	NR	NR	0	0	0	0	7.652	0.2501	108.3	10.91	7.288	0.2265	7.782	0.1718	25.03	2.336	6.148	0.1214	7.768	0.3613	65.41	15.14	7.207	0.1097	7.551	0.3504	75.63	18.52	6.676	0.09741	5.27	0.218	64.91	8.344	5.005	0.1559
NR 	NR 	0	0	0	0	NR	NR	0	0	0	0	NR	NR	0	0	0	0	NR	NR	0	0	4.212	0.2812	NR	NR	0	0	0	0	7.096	0.1649	118.1	8.217	6.854	0.1525	5.846	0.1686	29.6	5.92	4.969	0.1308	7.142	0.1824	68.21	8.423	7.184	0.08487	6.741	0.2835	51.74	8.75	5.601	0.1447	7.379	0.3899	29.96	5.816	6.543	0.373
6.699	0.05476	114.3	3.013	6.83	0.0494	6.685	1.457	89.8	2.066	6.645	0.03694	7.363	0.06272	100.6	0.7475	7.354	0.04224	7.421	0.03532	101.7	1.762	7.435	0.02642	7.032	0.02456	95.76	1.116	7.019	0.01707	10.02	0.2103	96.88	8.712	9.771	0.2013	7.159	0.1496	146.1	13.32	7.148	0.07371	8.507	0.1567	78.74	7.983	7.748	0.1059	7.356	0.1353	193.7	15.98	7.326	0.07158	8.947	0.1451	120.7	8.564	8.79	0.1273
NR 	NR 	0	0	0	0	NR	NR	0	0	0	0	6.587	0.2032	5.451	0.5317	5.633	0.1466	7.327	0.1516	8.379	0.6166	6.096	0.1512	NR	NR	0	0	6.492	0.2071	7.498	0.1984	113.6	9.028	7.208	0.1812	6.374	0.1262	55.17	3.433	5.706	0.09629	7.214	0.1262	69.13	5.823	7.032	0.07035	6.822	0.1614	84.8	7.048	6.318	0.1198	7.454	0.1691	54.71	3.738	6.933	0.1649
5.115	0.06206	91.69	2.57	5.063	0.0544	5.062	0.05894	96.17	2.61	5.172	0.05398	6.085	0.05538	107.6	4.046	6.208	0.03211	6.185	0.04319	105.8	3.1	6.293	0.02808	5.598	0.07204	109.4	5.424	5.806	0.03235	11.49	0.179	84.49	4.861	10.99	0.181	6.787	0.1286	157	12.6	6.978	0.0696	7.47	0.1473	99.83	8.828	7.63	0.0712	6.892	0.1571	198.5	19.08	6.902	0.07271	7.847	0.179	95.61	8.042	7.637	0.1496
4.45	0.229	26.44	2.57	3.404	0.1231	4.587	0.1242	16.43	2.284	3.861	0.1567	4.818	0.06419	68.65	3.069	4.694	0.04335	4.934	0.0524	63.45	2.168	4.772	0.03795	4.826	0.05143	38.39	1.99	4.434	0.06003	6.477	0.2746	125	15.03	6.284	0.2324	5.629	0.1558	196.6	21.48	5.967	0.08313	6.523	0.06503	103.5	4.506	6.676	0.05737	6.135	0.1021	200.1	14.1	6.116	0.06195	5.306	0.1041	256.8	14.74	5.9	0.2229
NR 	NR 	0	0	0	0	NR	NR	0	0	0	0	NR	NR	0	0	5.73	0.1607	NR	NR	0	0	5.962	0.1812	NR	NR	0	0	5.74	0.2126	7.383	0.2745	105.9	13.46	7.073	0.156	7.411	0.2316	39.06	4.9	6.558	0.1528	7.841	0.09502	61.44	3.189	7.152	0.06999	6.966	0.1556	68.82	5.587	6.121	0.1145	8.109	0.3377	78.55	14.45	7.767	0.3129
NR 	NR 	0	0	0	0	4.356	0.4992	15.21	7.373	5	0.3107	4.949	0.1379	44.65	4.368	4.861	0.04317	5.62	0.09075	35.44	1.752	5.155	0.07686	5.203	0.1188	21.3	1.46	4.653	0.08635	5.563	0.1983	124.4	11.56	5.349	0.1694	6.069	0.1568	91.28	5.92	5.799	0.09619	6.554	0.05833	89.32	3.395	6.504	0.03649	5.945	0.1078	100.3	5.249	5.35	0.09014	5.105	0.105	124.4	8.6	4.937	0.08486
NR 	NR 	0	0	4.554	0.3062	NR	NR	0	0	0	0	NR	NR	0	0	4.335	0.1457	5.427	0.06159	12.02	0.6271	4.442	0.09063	NR	NR	0	0	3.866	0.2648	7.462	0.2702	119	15.7	7.015	0.1386	5.934	0.1484	79.41	5.717	5.456	0.1155	6.46	0.1189	92.3	7.064	6.414	0.05942	6.429	0.08671	143.8	5.945	6.109	0.0722	6.651	0.2426	51.63	6.171	6.129	0.1969
4.537	0.2443	14.81	2.57	3.893	0.2414	4.646	0.274	13.88	2.959	4.198	0.1775	6.291	0.04848	42.92	0.9825	6.008	0.03709	6.439	0.06409	53.63	2.27	6.257	0.04123	5.944	0.1117	32.58	2.405	5.745	0.05328	7.36	0.2572	94.44	9.962	6.953	0.2187	6.973	0.1568	94.2	7.281	6.645	0.1201	7.424	0.07622	89.07	4.32	7.236	0.05128	7.285	0.09263	143.1	6.969	7.078	0.07065	7.781	0.2035	97.36	10.85	7.589	0.1658
4.951	0.05809	52.85	3.48	4.655	0.06996	5.314	0.1361	36.82	2.907	4.928	0.1009	5.685	0.0664	75.44	3.999	5.54	0.06745	5.83	0.03384	85.67	2.338	6.236	0.02238	5.451	0.131	70.37	4.904	5.317	0.09916	6.201	0.244	122	13.2	5.986	0.2239	6.581	0.1362	108.5	6.989	6.342	0.1088	6.808	0.058	91.94	2.576	6.816	0.04786	6.642	0.1057	142.9	7.171	6.429	0.08406	4.809	0.195	226	25.72	5.287	0.2431
5.611	0.2256	19.1	2.227	4.822	0.2165	NR	NR	0	0	0	0	NR	NR	0	0	4.393	0.4226	NR	NR	0	0	0	0	NR	NR	0	0	2.878	0.3287	7.591	0.2538	83.9	8.467	7.04	0.2198	5.983	0.1721	50.63	4.201	5.299	0.1356	6.809	0.1007	58.02	2.823	6.398	0.07822	6.307	0.1474	75.98	5.344	5.695	0.1111	6.746	0.2662	51.6	6.45	6.31	0.2168
NR 	NR 	0	0	0	0	NR	NR	0	0	0	0	5.257	0.2102	6.437	2.1	4.111	0.1923	5.136	0.1357	10.02	0.8057	4.083	0.117	NR	NR	0	0	3.474	0.3262	6.818	0.3913	61.75	8.189	6.227	0.3349	5.76	0.2055	64.82	5.92	5.517	0.1275	6.656	0.1023	74.29	3.614	6.475	0.07519	6.231	0.2879	89.05	15.93	5.707	0.1245	8.249	0.8573	20.98	8.006	7.33	0.7299
NR 	NR 	0	0	5.859	0.3279	NR	NR	0	0	5.062	0.2395	6.337	0.1016	45.49	3.215	6.202	0.05064	6.73	0.08393	45.74	1.828	6.465	0.0642	6.411	0.1029	24.14	1.213	5.905	0.07751	15.48	0.3528	57.29	7.879	14.65	0.3541	7.706	0.1083	86.15	5.145	7.394	0.07912	7.734	0.07567	98.77	4.828	7.615	0.03902	7.957	0.1263	110.6	7.753	7.512	0.09307	8.203	0.1746	115.9	13.75	7.766	0.1359
