NF	NF	0	0	0	0	NF	NF	0	0	0	0	NF	NF	0	0	0	0	NF	NF	0	0	0	0	NF	NF	0	0	3.503	0.169	8.519	0.0919	101.3	4.526	8.454	0.07127	7.347	0.2022	13.34	1.305	5.508	0.1637	7.05	0.1175	72.84	4.22	6.732	0.06156	7.442	0.14	42.38	4.365	6.61	0.06924	5.315	0.05909	63.5	6.55	4.877	0.06367
NR	NR	0	0	0	0	4.766	0.2798	14.44	2.903	4.024	0.1792	5.035	0.3293	16.31	3.33	4.231	0.2243	5.299	0.1321	30.44	2.238	4.729	0.1041	4.742	0.1598	26.13	3.04	3.997	0.1219	7.909	0.07044	95.41	3.237	8.108	0.06148	5.581	0.1275	21.71	1.403	4.193	0.09955	5.792	0.0782	98.75	5.486	5.659	0.03929	5.608	0.06307	46.56	1.502	4.727	0.05019	7.49	0.4456	-16.29	3.888	0	0
4.563	0.04306	40.8	2.08	4.047	0.06353	4.797	0.2189	35.56	5.487	4.367	0.1451	5.118	0.1832	35.13	4.063	4.625	0.1282	5.057	0.09611	55.19	3.362	4.712	0.07395	4.911	0.09597	48.48	3.505	4.632	0.09139	7.058	0.05628	114.1	3.1	7.278	0.05712	5.3	0.1273	62.24	4.413	4.518	0.1014	5.809	0.06501	118.3	5.421	5.789	0.03925	5.699	0.05582	88.89	2.492	5.277	0.0499	5.387	0.04293	253	15.09	5.542	0.0717
6.218	0.02003	99.48	0.9327	6.24	0.0175	6.283	0.01734	100.3	0.7972	6.28	0.01406	6.55	0.01433	100	0.6256	6.572	0.0144	7.049	0.02462	102.5	1.347	7.116	0.02076	6.859	0.01993	99.38	1.075	6.882	0.01907	9.072	0.05508	103.9	3.098	8.985	0.03797	6.141	0.2597	107.8	16.1	5.918	0.03689	7.197	0.05045	111.3	3.566	7.023	0.02705	6.599	0.1214	103.9	3.96	6.589	0.06256	7.289	0.05346	100.5	2.436	7.268	0.0458
NF	NF	0	0	0	0	NF	NF	0	0	0	0	NR	NR	0	0	0	0	4.84	0.2256	27.55	4.401	4.035	0.1841	4.827	0.2254	16.35	2.656	3.937	0.1469	7.705	0.07165	120.6	10.69	8.185	0.08442	5.397	0.1284	37.76	2.618	4.26	0.1002	5.95	0.06632	98.11	3.155	5.75	0.04609	5.808	0.0541	70.84	1.89	5.235	0.04428	5.173	0.1139	63.86	4.192	5.053	0.09061
NR	NR	0	0	0	0	NR	NR	0	0	0	0	4.875	0.3095	8.374	3.88	3.824	0.2986	4.306	0.091	20.86	2.28	3.15	0.1285	4.254	0.2126	14.05	2.26	3.023	0.1075	6.648	0.05896	110.1	3.117	6.632	0.05036	5.191	0.1745	21.67	2.606	3.522	0.1332	5.504	0.07527	90.02	3.547	5.208	0.04773	4.91	0.08705	66.14	3.803	4.259	0.0607	4.335	0.1336	52.01	9.659	3.722	0.06931
NR	NR	0	0	0	0	4.426	0.04381	60.85	2.88	4.189	0.04761	4.619	0.09209	45.23	3.88	4.088	0.1083	5.109	0.04889	43.78	2.35	4.526	0.07159	4.897	0.09747	47.22	3.125	4.641	0.08634	6.522	0.09817	111	5.947	6.653	0.07371	NR	NR	0	0	3.633	0.1695	5.738	0.164	81.6	8.53	5.384	0.06293	5.43	0.1645	-5.43	2.263	3.518	0.05435	6.667	0.1913	-48.2	4.596	0	0
NR	NR	0	0	0	0	NR	NR	0	0	6.653	0.4465	NR	NR	0	0	0	0	7.184	0.1581	15.71	1.155	5.787	0.2918	NR	NR	0	0	5.539	0.2562	8.953	0.1162	97.72	6.26	8.636	0.09239	7.204	0.1606	49.45	4.788	6.152	0.08538	7.523	0.1383	45.6	3.503	6.746	0.106	7.592	0.2329	53.5	7.519	6.795	0.176	6.914	0.2581	42.27	5.42	6.5	0.1867
NR	NR	0	0	0	0	NR	NR	0	0	5.446	0.4596	NR	NR	0	0	0	0	NR	NR	0	0	0	0	NR	NR	0	0	0	0	8.32	0.08186	104.1	4.167	8.152	0.06714	6.44	0.1615	23.48	1.782	5.04	0.1289	5.912	0.253	45.01	7.075	5.338	0.09276	6.531	0.1374	30.72	1.965	5.368	0.1086	5.86	0.2376	45.81	4.792	5.619	0.1777
5.508	0.05172	61.18	1.813	5.235	0.04996	5.534	0.04122	69.51	1.583	5.378	0.03835	5.764	0.04107	82.92	1.685	3.628	0.5454	6.219	0.03673	98.63	2.249	6.231	0.02354	6.047	0.03253	88.98	1.4	5.962	0.03027	10.19	0.1272	86.96	5.191	9.93	0.1052	6.072	0.1128	112.9	8.6	5.745	0.06047	6.523	0.06678	108.8	4.689	6.329	0.0406	6.731	0.09743	100.2	4.728	6.471	0.0728	6.644	0.1351	95.05	6.268	6.679	0.09876
NR	NR	0	0	0	0	NF	NF	0	0	0	0	NR	NR	0	0	6.684	0.5144	6.19	0.09484	11.94	0.5711	5.24	0.1164	NR	NR	0	0	4.764	0.2088	7.716	0.1394	92.09	6.004	7.475	0.1176	5.551	0.2189	24.75	3.298	4.156	0.1562	6.087	0.1181	42.93	2.619	5.283	0.08733	5.865	0.1479	42.57	3.476	4.92	0.112	5.966	0.307	32.1	5.041	5.343	0.2488
4.231	0.05661	24.84	2.08	3.462	0.04594	4.385	0.1219	27.07	2.88	3.481	0.05018	4.14	0.1348	55.56	9.089	3.856	0.06491	4.501	0.05299	67.61	3.267	4.117	0.03134	4.415	0.05058	44.61	2.26	3.874	0.02137	7.187	0.1435	93.08	6.27	7.002	0.1162	4.983	0.09393	115.5	8.501	4.681	0.03689	5.356	0.06362	100.6	3.392	5.211	0.0371	5.279	0.07765	115.4	5.027	5.063	0.04652	5.043	0.06454	136.5	6.6	5.472	0.1018
6.594	0.06161	89.97	2.687	6.638	0.05368	6.577	0.0779	109.3	5.042	6.652	0.04803	6.8	0.08572	104.6	5.188	6.814	0.05005	7.183	0.06379	90.22	3.32	7.019	0.04229	6.932	0.06195	88.63	2.513	6.78	0.05278	9.081	0.08248	98.71	4.5	9.003	0.07016	8.053	0.0436	140.8	4.585	7.932	0.03773	8.195	0.05551	121.6	5.126	8.173	0.04295	8.41	0.07841	126.3	4.883	8.355	0.06141	8.489	0.1153	102.3	5.864	8.475	0.08351
NR	NR	0	0	4.725	0.392	NR	NR	0	0	0	0	6.103	0.1422	9.309	0.6295	5.294	0.1429	6.541	0.1023	28.74	1.332	5.907	0.08284	6.316	0.142	16.19	1.053	5.409	0.114	9.142	0.09191	93.77	4.852	8.995	0.07671	6.507	0.158	52.16	3.958	5.622	0.1246	6.811	0.07351	56.36	2.004	6.195	0.05698	6.852	0.1597	62.52	4.85	6.291	0.1202	6.655	0.133	64.11	4.09	6.435	0.1006
4.823	0.05361	21.85	2.08	4.18	0.2424	4.552	0.1454	20.7	2.88	3.713	0.1667	5.079	0.2502	21.14	3.473	4.323	0.1775	4.635	0.1108	45.8	2.28	3.946	0.1279	4.27	0.04716	35.77	2.26	4.029	0.151	6.266	0.1647	96.75	9.623	6.351	0.09967	5.782	0.05518	100.7	3.15	5.353	0.0435	5.955	0.06002	110.4	4.866	5.864	0.02845	5.909	0.08387	113.5	5.312	5.673	0.05264	5.827	0.09393	150.6	8.126	6.044	0.06817
6.088	0.04709	89.44	2.76	5.996	0.0512	6.118	0.03141	98.3	1.444	6.104	0.02282	6.383	0.02314	94.42	1.03	6.303	0.02972	6.805	0.04082	100.3	1.863	6.859	0.03644	6.661	0.04522	94.29	1.932	6.653	0.03344	9.588	0.1278	86.77	7.028	9.347	0.1126	6.946	0.08528	116.5	6.187	6.674	0.04988	7.3	0.1056	118.8	7.486	7.133	0.05382	7.186	0.09939	96.18	4.912	6.945	0.07256	7.433	0.1367	111.4	8.345	7.404	0.08411
NF	NF	0	0	0	0	NF	NF	0	0	0	0	NR	NR	0	0	0	0	NR	NR	0	0	0	0	NR	NR	0	0	0	0	7.529	0.1224	81.72	4.854	7.326	0.1069	5.383	0.2366	28.79	5.541	4.211	0.1444	6.92	0.1483	30.52	2.21	5.853	0.1239	6.752	0.2255	19.37	2.259	5.353	0.1636	5.468	0.1599	43.79	6.6	5.064	0.2039
NF	NF	0	0	0	0	NF	NF	0	0	0	0	NF	NF	0	0	0	0	NF	NF	0	0	0	0	NF	NF	0	0	0	0	6.135	0.1309	122.2	10.24	6.43	0.102	5.443	0.2041	23.93	3.381	4.026	0.1445	5.684	0.1485	33.97	2.601	4.767	0.1136	5.297	0.1496	63.03	5.5	4.629	0.1118	5.154	0.2657	50.66	8.016	4.932	0.1863
NF	NF	0	0	0	0	NF	NF	0	0	0	0	NF	NF	0	0	0	0	NR	NR	0	0	0	0	NF	NF	0	0	0	0	6.308	0.1376	100	8.144	6.355	0.08886	NF	NF	0	0	0	0	NF	NF	0	0	0	0	NF	NF	0	0	0	0	NF	NF	0	0	0	0
NF	NF	0	0	0	0	NR	NR	0	0	0	0	NR	NR	0	0	0	0	NR	NR	0	0	0	0	NR	NR	0	0	0	0	NF	NF	0	0	0	0	5.394	0.3628	12.9	2.519	3.682	0.2609	6.615	0.2579	13.04	1.627	5.225	0.188	7.844	0.3789	-18.73	4.482	0	0	4.705	0.3681	29	6.6	3.913	0.1538
NF	NF	0	0	0	0	NF	NF	0	0	0	0	NF	NF	0	0	0	0	NF	NF	0	0	0	0	NF	NF	0	0	0	0	8.4	0.1626	85.33	6.628	8.102	0.1459	5.601	0.2398	21.87	3.18	4.066	0.1	6.988	0.2341	29.57	3.286	5.966	0.1776	6.519	0.2446	34.45	4.147	5.438	0.1874	7.66	0.3062	61.34	9.906	7.881	0.2143
